Input video:
/Users/hilbert/ivma3_repo/ivma3/Examples/ExampleVideoFiles/Slide2/20111007182409093.avi


Analysis parameters:
file_type = 97.000000
vi = scaling_factor = 0.098000
frames_to_merge = 10.000000
BW_threshold = 0.300000
min_length = 0.500000
rel_length_change = 0.600000
abs_length_change = 2.500000
min_presence_time = 2.000000
min_trace_length = 0.000000
immotile_frame_removal = 0.000000
